,plotRatio,transactionDate,floorPrice,time,price
0,4.0,2014.6408675799087,1680,2018.157305936073,8300
1,2.0,2014.4045662100457,1200,2017.777397260274,6800
2,2.0,2014.4045662100457,1200,2017.6776255707764,7000
3,2.4,2015.924885844749,6350,2017.1940639269408,14000
4,2.4,2015.924885844749,6200,2017.1940639269408,14000
5,2.6,2015.7461187214612,6060,2017.771917808219,17500
6,2.7,2015.9045662100457,5900,2017.771917808219,17500
7,1.4,2017.2664383561644,4208,2018.338812785388,9850
8,1.75,2016.3990867579907,1320,2017.9961187214612,11000
9,1.75,2016.3990867579907,1320,2017.9961187214612,11000
10,2.6,2015.7461187214612,6060,2017.5082191780823,16000
11,2.7,2015.9045662100457,5900,2017.5082191780823,16000
12,3.0,2014.151826484018,1526,2017.3333333333333,6800
13,2.6,2015.7461187214612,6060,2017.5082191780823,16000
14,2.7,2015.9045662100457,5900,2017.5082191780823,16000
15,3.0,2014.151826484018,1526,2017.3333333333333,6800
16,2.6,2015.7461187214612,6060,2018.25,15000
17,2.7,2015.9045662100457,5900,2018.25,15000
18,2.0,2014.1381278538813,3560,2017.5,11000
19,2.6,2015.0191780821917,5100,2017.4166666666667,9500
20,2.6,2014.0575342465754,250,2017.8333333333333,5500
21,2.0,2014.4045662100457,1200,2017.4166666666667,5300
22,2.4,2015.924885844749,6350,2017.3333333333333,14000
23,2.4,2015.924885844749,6200,2017.3333333333333,14000
24,1.6,2013.3744292237443,3477,2017.3333333333333,11000
25,1.7,2014.129908675799,4520,2017.3333333333333,7800
26,3.0,2014.151826484018,1526,2018.25,10100
27,1.8,2013.8075342465754,4050,2017.3333333333333,8600
28,1.8,2013.8075342465754,4050,2017.3333333333333,6600
29,2.0,2013.151826484018,413,2017.6666666666667,6400
30,5.7,2013.9988584474886,6250,2017.3333333333333,18000
31,4.0,2014.6408675799087,1680,2017.75,7800
32,1.75,2016.3990867579907,1320,2018.0,10500
33,2.25,2014.1490867579907,3430,2017.5,10700
34,1.75,2016.3990867579907,1320,2018.2582191780823,30000
35,2.5,2014.151826484018,450,2016.7022831050228,3800
36,3.0,2014.151826484018,1526,2017.6995433789955,7700
37,1.4,2017.2664383561644,4208,2018.3130136986301,9500
38,1.75,2016.3990867579907,1320,2017.602511415525,7600
39,1.75,2016.3990867579907,1320,2017.771917808219,10500
40,1.75,2016.3990867579907,1320,2018.1666666666667,25000
41,2.5,2014.151826484018,450,2016.4550228310502,4200
42,2.5,2014.151826484018,450,2017.6107305936073,5300
43,3.0,2014.151826484018,1526,2017.4155251141551,6500
44,3.0,2014.151826484018,1526,2018.3184931506848,11500
45,2.6,2014.0575342465754,250,2016.8333333333333,4100
46,3.0,2014.151826484018,1526,2017.3333333333333,5600
47,2.0,2013.151826484018,413,2017.3333333333333,6500
48,4.0,2014.6408675799087,1680,2017.3333333333333,5700
49,1.75,2016.3990867579907,1320,2017.3333333333333,7200
50,1.75,2016.3990867579907,1320,2017.9166666666667,7500
51,2.0,2013.151826484018,413,2017.6940639269408,6500
52,2.0,2014.1381278538813,3560,2017.6666666666667,11000
53,2.0,2014.1381278538813,3560,2017.8333333333333,11000
54,2.0,2014.1381278538813,3560,2018.0,11000
55,2.0,2014.1381278538813,3560,2018.0833333333333,11000
56,2.0,2014.1381278538813,3560,2018.1666666666667,11000
57,2.0,2014.1381278538813,3560,2018.25,11000
58,2.0,2014.1381278538813,3560,2017.3333333333333,11000
59,2.0,2014.1381278538813,3560,2017.3333333333333,11000
60,2.6,2015.0191780821917,5100,2017.5,9500
61,2.6,2015.0191780821917,5100,2017.5833333333333,9500
62,2.6,2015.0191780821917,5100,2017.6666666666667,9500
63,2.6,2015.0191780821917,5100,2017.75,9500
64,2.6,2015.0191780821917,5100,2017.8333333333333,9500
65,2.6,2015.0191780821917,5100,2017.9166666666667,9500
66,2.6,2015.0191780821917,5100,2018.0833333333333,9500
67,2.6,2015.0191780821917,5100,2018.25,9500
68,2.6,2015.0191780821917,5100,2018.0,9500
69,2.6,2015.0191780821917,5100,2017.3333333333333,9500
70,2.6,2015.0191780821917,5100,2018.25,9500
71,2.25,2014.1490867579907,3430,2017.6666666666667,10700
72,2.25,2014.1490867579907,3430,2017.8333333333333,10700
73,2.25,2014.1490867579907,3430,2018.0,10700
74,2.25,2014.1490867579907,3430,2018.1666666666667,10700
75,2.25,2014.1490867579907,3430,2017.3333333333333,10700
76,2.0,2014.4045662100457,1200,2017.5,5300
77,2.0,2014.4045662100457,1200,2017.5833333333333,5300
78,2.0,2014.4045662100457,1200,2017.5833333333333,5300
79,2.0,2014.4045662100457,1200,2017.8607305936073,6800
80,2.0,2014.4045662100457,1200,2017.9440639269408,6800
81,2.0,2014.4045662100457,1200,2018.027397260274,6800
82,2.0,2014.4045662100457,1200,2018.1107305936073,6800
83,2.0,2014.4045662100457,1200,2018.1940639269408,6800
84,2.0,2014.4045662100457,1200,2018.277397260274,6800
85,2.0,2014.4045662100457,1200,2017.6940639269408,6800
86,2.0,2013.9632420091325,3425,2018.271917808219,35000
87,2.0,2012.8552511415523,1700,2017.419406392694,8800
88,2.0,2012.8552511415523,1700,2017.6189497716894,9400
89,2.0,2012.8552511415523,1700,2017.535616438356,9000
90,2.3,2015.0794520547945,458,2017.5739726027398,4300
91,1.75,2014.2746575342467,1961,2017.75,4300
92,2.0,2012.6995433789955,1600,2017.866210045662,10000
93,2.0,2016.9933789954339,8950,2018.2296803652969,18000
94,2.1,2012.2022831050228,1070,2018.2993150684931,24600
95,2.4,2012.8497716894976,1670,2015.4385844748858,7300
96,3.0,2013.651826484018,855,2016.3881278538813,8200
97,1.4,2014.2746575342467,771,2018.143607305936,14440
98,2.0,2013.5602739726028,1955,2018.3184931506848,13300
99,2.25,2013.9659817351599,2979,2018.25,19300
100,2.0,2015.7050228310502,1900,2018.25,17900
101,2.0,2013.4522831050228,2125,2014.3130136986301,9300
102,3.4,2012.8716894977167,1050,2018.3102739726028,13000
103,4.0,2014.6408675799087,57228,2018.157305936073,8300
104,2.0,2014.4045662100457,5259,2017.777397260274,6800
105,2.0,2014.4045662100457,5259,2017.6776255707764,7000
106,2.4,2015.924885844749,188991,2017.1940639269408,14000
107,2.4,2015.924885844749,172725,2017.1940639269408,14000
108,2.6,2015.7461187214612,37562,2017.771917808219,17500
109,2.7,2015.9045662100457,32798,2017.771917808219,17500
110,1.4,2017.2664383561644,83711,2018.338812785388,9850
111,1.75,2016.3990867579907,8855,2017.9961187214612,11000
112,1.75,2016.3990867579907,22113,2017.9961187214612,11000
113,2.6,2015.7461187214612,37562,2017.5082191780823,16000
114,2.7,2015.9045662100457,32798,2017.5082191780823,16000
115,3.0,2014.151826484018,59491,2017.3333333333333,6800
116,2.6,2015.7461187214612,37562,2017.5082191780823,16000
117,2.7,2015.9045662100457,32798,2017.5082191780823,16000
118,3.0,2014.151826484018,59491,2017.3333333333333,6800
119,2.6,2015.7461187214612,37562,2018.25,15000
120,2.7,2015.9045662100457,32798,2018.25,15000
121,2.0,2014.1381278538813,17558,2017.5,11000
122,2.6,2015.0191780821917,53839,2017.4166666666667,9500
123,2.6,2014.0575342465754,339,2017.8333333333333,5500
124,2.0,2014.4045662100457,5259,2017.4166666666667,5300
125,2.4,2015.924885844749,188991,2017.3333333333333,14000
126,2.4,2015.924885844749,172725,2017.3333333333333,14000
127,1.6,2013.3744292237443,4071,2017.3333333333333,11000
128,1.7,2014.129908675799,51905,2017.3333333333333,7800
129,3.0,2014.151826484018,59491,2018.25,10100
130,1.8,2013.8075342465754,11052,2017.3333333333333,8600
131,1.8,2013.8075342465754,11052,2017.3333333333333,6600
132,2.0,2013.151826484018,25865,2017.6666666666667,6400
133,5.7,2013.9988584474886,299856,2017.3333333333333,18000
134,4.0,2014.6408675799087,57228,2017.75,7800
135,1.75,2016.3990867579907,22113,2018.0,10500
136,2.25,2014.1490867579907,29214,2017.5,10700
137,1.75,2016.3990867579907,22113,2018.2582191780823,30000
138,2.5,2014.151826484018,10528,2016.7022831050228,3800
139,3.0,2014.151826484018,59491,2017.6995433789955,7700
140,1.4,2017.2664383561644,83711,2018.3130136986301,9500
141,1.75,2016.3990867579907,22113,2017.602511415525,7600
142,1.75,2016.3990867579907,22113,2017.771917808219,10500
143,1.75,2016.3990867579907,22113,2018.1666666666667,25000
144,2.5,2014.151826484018,10528,2016.4550228310502,4200
145,2.5,2014.151826484018,10528,2017.6107305936073,5300
146,3.0,2014.151826484018,59491,2017.4155251141551,6500
147,3.0,2014.151826484018,59491,2018.3184931506848,11500
148,2.6,2014.0575342465754,339,2016.8333333333333,4100
149,3.0,2014.151826484018,59491,2017.3333333333333,5600
150,2.0,2013.151826484018,25865,2017.3333333333333,6500
151,4.0,2014.6408675799087,57228,2017.3333333333333,5700
152,1.75,2016.3990867579907,22113,2017.3333333333333,7200
153,1.75,2016.3990867579907,22113,2017.9166666666667,7500
154,2.0,2013.151826484018,25865,2017.6940639269408,6500
155,2.0,2014.1381278538813,17558,2017.6666666666667,11000
156,2.0,2014.1381278538813,17558,2017.8333333333333,11000
157,2.0,2014.1381278538813,17558,2018.0,11000
158,2.0,2014.1381278538813,17558,2018.0833333333333,11000
159,2.0,2014.1381278538813,17558,2018.1666666666667,11000
160,2.0,2014.1381278538813,17558,2018.25,11000
161,2.0,2014.1381278538813,17558,2017.3333333333333,11000
162,2.0,2014.1381278538813,17558,2017.3333333333333,11000
163,2.6,2015.0191780821917,53839,2017.5,9500
164,2.6,2015.0191780821917,53839,2017.5833333333333,9500
165,2.6,2015.0191780821917,53839,2017.6666666666667,9500
166,2.6,2015.0191780821917,53839,2017.75,9500
167,2.6,2015.0191780821917,53839,2017.8333333333333,9500
168,2.6,2015.0191780821917,53839,2017.9166666666667,9500
169,2.6,2015.0191780821917,53839,2018.0833333333333,9500
170,2.6,2015.0191780821917,53839,2018.25,9500
171,2.6,2015.0191780821917,53839,2018.0,9500
172,2.6,2015.0191780821917,53839,2017.3333333333333,9500
173,2.6,2015.0191780821917,53839,2018.25,9500
174,2.25,2014.1490867579907,29214,2017.6666666666667,10700
175,2.25,2014.1490867579907,29214,2017.8333333333333,10700
176,2.25,2014.1490867579907,29214,2018.0,10700
177,2.25,2014.1490867579907,29214,2018.1666666666667,10700
178,2.25,2014.1490867579907,29214,2017.3333333333333,10700
179,2.0,2014.4045662100457,5259,2017.5,5300
180,2.0,2014.4045662100457,5259,2017.5833333333333,5300
181,2.0,2014.4045662100457,5259,2017.5833333333333,5300
182,2.0,2014.4045662100457,5259,2017.8607305936073,6800
183,2.0,2014.4045662100457,5259,2017.9440639269408,6800
184,2.0,2014.4045662100457,5259,2018.027397260274,6800
185,2.0,2014.4045662100457,5259,2018.1107305936073,6800
186,2.0,2014.4045662100457,5259,2018.1940639269408,6800
187,2.0,2014.4045662100457,5259,2018.277397260274,6800
188,2.0,2014.4045662100457,5259,2017.6940639269408,6800
189,2.0,2011.9495433789955,1525,2017.1913242009134,7500
190,2.0,2012.2461187214612,1900,2017.1913242009134,7500
191,2.8,2014.5054794520547,4720,2017.8294520547945,17800
192,2.0,2013.9632420091325,5800,2017.2296803652969,12000
193,2.7,2014.3102739726028,9350,2017.4687214611872,17000
194,3.67,2014.9796803652969,5077,2017.4687214611872,17000
195,2.25,2014.4796803652969,1239,2016.5465753424658,4700
196,2.5,2014.9605022831051,1084,2016.5465753424658,4700
197,2.5,2014.9605022831051,1084,2016.5465753424658,4700
198,2.0,2013.8075342465754,900,2017.8853881278537,7000
199,2.0,2013.8075342465754,900,2017.8853881278537,7000
200,2.0,2013.8075342465754,900,2017.8853881278537,7000
201,2.0,2013.8075342465754,900,2017.8853881278537,7000
202,1.56,2015.9045662100457,3040,2017.25,20000
203,2.0,2012.6600456621004,3050,2017.3333333333333,6200
204,1.75,2015.2132420091325,1329,2017.3333333333333,7500
205,2.0,2011.9495433789955,1525,2017.3333333333333,7500
206,2.0,2012.2461187214612,1900,2017.3333333333333,7500
207,4.9,2014.9796803652969,3796,2017.3333333333333,12000
208,3.0,2013.777397260274,1022,2017.3333333333333,7700
209,2.6,2015.924885844749,2560,2017.3333333333333,7800
210,1.55,2012.9632420091325,5100,2017.3333333333333,8000
211,2.7,2013.6189497716894,5350,2017.3333333333333,9000
212,2.25,2014.4796803652969,1239,2017.3333333333333,4600
213,2.5,2014.9605022831051,1084,2017.3333333333333,4600
214,2.5,2014.9605022831051,1084,2017.3333333333333,4600
215,2.0,2013.9632420091325,5800,2017.021917808219,9000
216,2.6,2015.924885844749,2560,2017.5833333333333,10500
217,2.6,2015.924885844749,2560,2018.0,10500
218,2.6,2015.924885844749,2560,2016.8184931506848,8000
219,2.8,2014.5054794520547,4720,2017.5,11300
220,2.8,2014.5054794520547,4720,2017.6666666666667,15000
221,2.8,2014.5054794520547,4720,2017.8333333333333,18000
222,2.8,2014.5054794520547,4720,2018.0833333333333,16500
223,2.8,2014.5054794520547,4720,2018.0,16500
224,2.8,2014.5054794520547,4720,2018.1666666666667,16500
225,2.8,2014.5054794520547,4720,2017.9166666666667,18000
226,2.8,2014.5054794520547,4720,2017.75,18000
227,2.6,2015.924885844749,2560,2017.5,10500
228,2.8,2014.5054794520547,4720,2017.3333333333333,11000
229,2.8,2014.5054794520547,4720,2017.4166666666667,11000
230,1.7,2016.9906392694065,6000,2018.2187214611872,10200
231,1.7,2016.9906392694065,6000,2018.116210045662,11000
232,1.7,2016.9906392694065,6000,2018.3102739726028,11000
233,1.4,2014.844292237443,1333,2014.907305936073,7500
234,1.4,2014.844292237443,1333,2014.9550228310502,7400
235,1.4,2014.844292237443,1333,2015.0301369863014,7400
236,1.4,2014.844292237443,1333,2015.094292237443,7400
237,1.4,2014.844292237443,1333,2015.169406392694,7400
238,1.4,2014.844292237443,1333,2015.291095890411,12000
239,1.4,2014.844292237443,1333,2015.3497716894976,13000
240,1.4,2014.844292237443,1333,2015.4276255707764,13000
241,1.4,2014.844292237443,1333,2015.5,13000
242,1.4,2014.844292237443,1333,2015.657305936073,13000
243,1.4,2014.844292237443,1333,2015.7406392694065,13000
244,1.4,2014.844292237443,1333,2016.2965753424658,9500
245,1.4,2014.844292237443,1333,2016.4155251141551,9500
246,1.4,2014.844292237443,1333,2016.4961187214612,9500
247,1.4,2014.844292237443,1333,2016.6858447488585,9500
248,1.4,2014.844292237443,1333,2016.9577625570778,9500
249,1.4,2014.844292237443,1333,2017.027397260274,9500
250,1.4,2014.844292237443,1333,2017.1052511415523,13000
251,1.4,2014.844292237443,1333,2017.2022831050228,13000
252,1.4,2014.844292237443,1333,2017.2828767123287,13000
253,1.4,2014.844292237443,1333,2017.3607305936073,13000
254,1.4,2014.844292237443,1333,2017.4495433789955,12000
255,1.4,2014.844292237443,1333,2017.527397260274,15000
256,1.4,2014.844292237443,1333,2017.602511415525,15000
257,1.4,2014.844292237443,1333,2017.674885844749,15000
258,1.4,2014.844292237443,1333,2017.771917808219,15000
259,1.4,2014.844292237443,1333,2017.8470319634703,15000
260,1.75,2015.7746575342467,2352,2015.919406392694,5400
261,1.75,2015.7746575342467,2352,2016.0164383561644,5400
262,1.75,2015.7746575342467,2352,2016.0860730593606,5400
263,1.75,2015.7746575342467,2352,2016.169406392694,5400
264,1.75,2015.7746575342467,2352,2016.2664383561644,5400
265,1.75,2015.7746575342467,2352,2016.3607305936073,5400
266,1.75,2015.7746575342467,2352,2016.4358447488585,5400
267,1.75,2015.7746575342467,2352,2016.5191780821917,5400
268,1.75,2015.7746575342467,2352,2016.5833333333333,5200
269,1.75,2015.7746575342467,2352,2016.6627853881278,5200
270,1.75,2015.7746575342467,2352,2016.7214611872148,5500
271,1.75,2015.7746575342467,2352,2016.7993150684931,5600
272,1.75,2015.7746575342467,2352,2016.8771689497717,5600
273,1.75,2015.7746575342467,2352,2016.9577625570778,5600
274,1.75,2015.7746575342467,2352,2017.0301369863014,5600
275,1.75,2015.7746575342467,2352,2017.10799086758,5600
276,1.75,2015.7746575342467,2352,2017.5630136986301,7300
277,1.75,2015.7746575342467,2352,2018.1885844748858,9000
278,1.75,2015.7746575342467,2352,2018.291095890411,9000
279,1.7,2016.9906392694065,6000,2018.1134703196346,11000
280,1.7,2016.9906392694065,6000,2018.1995433789955,10200
281,1.7,2016.9906392694065,6000,2018.3020547945205,11000
282,1.7,2016.9906392694065,6000,2018.338812785388,11000
283,1.75,2015.2132420091325,1329,2015.2691780821917,6500
284,1.75,2015.2132420091325,1329,2015.521917808219,6500
285,1.75,2015.2132420091325,1329,2015.6271689497717,6300
286,1.75,2015.2132420091325,1329,2015.669406392694,6300
287,1.75,2015.2132420091325,1329,2015.7801369863014,6500
288,1.75,2015.2132420091325,1329,2015.844292237443,6200
289,1.75,2015.2132420091325,1329,2015.9522831050228,6200
290,1.75,2015.2132420091325,1329,2016.0493150684931,6200
291,1.75,2015.2132420091325,1329,2016.1326484018264,6500
292,1.75,2015.2132420091325,1329,2016.1940639269408,6700
293,1.75,2015.2132420091325,1329,2016.2883561643835,6700
294,1.75,2015.2132420091325,1329,2016.3552511415523,6700
295,1.75,2015.2132420091325,1329,2016.4550228310502,6700
296,1.75,2015.2132420091325,1329,2016.535616438356,6500
297,1.75,2015.2132420091325,1329,2016.629908675799,6500
298,1.75,2015.2132420091325,1329,2016.7351598173516,6400
299,1.75,2015.2132420091325,1329,2016.8020547945205,6400
300,1.75,2015.2132420091325,1329,2016.879908675799,6400
301,1.75,2015.2132420091325,1329,2016.9468036529681,6400
302,1.75,2015.2132420091325,1329,2017.0602739726028,6400
303,1.75,2015.2132420091325,1329,2017.1353881278537,6400
304,1.75,2015.2132420091325,1329,2017.2077625570778,6500
305,1.75,2015.2132420091325,1329,2017.3130136986301,7500
306,1.75,2015.2132420091325,1329,2017.3908675799087,7500
307,1.75,2015.2132420091325,1329,2017.4659817351599,7500
308,1.75,2015.2132420091325,1329,2017.5712328767124,7500
309,1.75,2015.2132420091325,1329,2017.6831050228311,9000
310,2.7,2014.3102739726028,9350,2016.3267123287671,10800
311,2.7,2014.3102739726028,9350,2016.419406392694,11000
312,2.7,2014.3102739726028,9350,2016.5164383561644,11000
313,2.7,2014.3102739726028,9350,2016.602511415525,11000
314,2.7,2014.3102739726028,9350,2016.6858447488585,12000
315,2.7,2014.3102739726028,9350,2016.7691780821917,13500
316,2.7,2014.3102739726028,9350,2016.8552511415523,13000
317,2.7,2014.3102739726028,9350,2016.9522831050228,13000
318,2.7,2014.3102739726028,9350,2017.0465753424658,13000
319,2.7,2014.3102739726028,9350,2017.1545662100457,17000
320,2.7,2014.3102739726028,9350,2017.6600456621004,20000
321,2.7,2014.3102739726028,9350,2017.7324200913242,20000
322,2.7,2014.3102739726028,9350,2017.804794520548,20000
323,2.0,2011.9495433789955,1525,2016.6463470319634,6100
324,2.0,2011.9495433789955,1525,2016.7242009132422,6100
325,2.0,2011.9495433789955,1525,2016.7801369863014,6100
326,2.0,2011.9495433789955,1525,2016.8607305936073,6100
327,2.0,2011.9495433789955,1525,2016.9495433789955,6100
328,2.0,2011.9495433789955,1525,2017.0246575342467,6600
329,2.0,2011.9495433789955,1525,2017.102511415525,6600
330,2.0,2011.9495433789955,1525,2017.1885844748858,6600
331,2.0,2011.9495433789955,1525,2017.2801369863014,7500
332,2.0,2011.9495433789955,1525,2017.3607305936073,7500
333,2.0,2011.9495433789955,1525,2017.4385844748858,7500
334,2.0,2011.9495433789955,1525,2017.5164383561644,7500
335,1.5,2015.285616438356,1310,2016.094292237443,6300
336,1.5,2015.285616438356,1310,2016.1666666666667,6000
337,1.5,2015.285616438356,1310,2016.25,6000
338,1.5,2015.285616438356,1310,2016.338812785388,6000
339,1.5,2015.285616438356,1310,2016.4127853881278,6000
340,1.5,2015.285616438356,1310,2016.4933789954339,6000
341,1.5,2015.285616438356,1310,2016.5833333333333,6000
342,1.5,2015.285616438356,1310,2016.6600456621004,6000
343,1.5,2015.285616438356,1310,2016.7461187214612,6500
344,1.5,2015.285616438356,1310,2016.8239726027398,8000
345,1.5,2015.285616438356,1310,2016.907305936073,8000
346,1.5,2015.285616438356,1310,2016.9851598173516,8000
347,1.5,2015.285616438356,1310,2017.0602739726028,8000
348,1.5,2015.285616438356,1310,2017.1353881278537,8000
349,1.5,2015.285616438356,1310,2017.2187214611872,8000
350,1.5,2015.285616438356,1310,2017.3020547945205,10000
351,1.5,2015.285616438356,1310,2017.3990867579907,8000
352,1.5,2015.285616438356,1310,2017.4742009132422,8000
353,1.5,2015.285616438356,1310,2017.5684931506848,10000
354,1.5,2015.285616438356,1310,2017.6627853881278,10000
355,2.8,2014.5054794520547,4720,2015.9468036529681,12000
356,2.8,2014.5054794520547,4720,2016.054794520548,12000
357,2.8,2014.5054794520547,4720,2016.143607305936,12000
358,2.8,2014.5054794520547,4720,2016.2214611872148,12000
359,2.8,2014.5054794520547,4720,2016.3020547945205,12000
360,2.8,2014.5054794520547,4720,2016.3853881278537,12000
361,2.8,2014.5054794520547,4720,2016.4605022831051,12000
362,2.8,2014.5054794520547,4720,2016.5465753424658,12000
363,2.8,2014.5054794520547,4720,2016.6134703196346,12000
364,2.8,2014.5054794520547,4720,2016.6940639269408,12000
365,2.8,2014.5054794520547,4720,2016.7691780821917,13000
366,2.8,2014.5054794520547,4720,2016.852511415525,12500
367,2.8,2014.5054794520547,4720,2016.9742009132422,13000
368,2.8,2014.5054794520547,4720,2017.0301369863014,13000
369,2.8,2014.5054794520547,4720,2017.1189497716894,13000
370,2.8,2014.5054794520547,4720,2017.1721461187215,14000
371,2.8,2014.5054794520547,4720,2017.263698630137,14000
372,1.7,2016.9906392694065,6000,2018.116210045662,11000
373,1.7,2016.9906392694065,6000,2018.1995433789955,10200
374,1.7,2016.9906392694065,6000,2018.3020547945205,11000
375,1.7,2016.9906392694065,6000,2018.338812785388,11000
376,3.5,2014.6216894977167,1463,2017.4468036529681,9000
377,1.75,2015.6831050228311,4450,2016.594292237443,18000
378,2.0,2013.9851598173516,5200,2017.4155251141551,16700
379,1.95,2013.8267123287671,7950,2017.4155251141551,16700
380,2.5,2015.1803652968038,1775,2017.7406392694065,12000
381,5.25,2013.907305936073,1000,2018.10799086758,8300
382,2.5,2016.0915525114156,6710,2017.5630136986301,17300
383,5.25,2013.907305936073,685,2017.4166666666667,6500
384,5.25,2013.907305936073,685,2017.4166666666667,6500
385,5.0,2013.907305936073,2629,2018.0833333333333,11000
386,4.25,2012.8470319634703,360,2017.8552511415523,7750
387,1.3,2016.9906392694065,6500,2017.9961187214612,15000
388,2.0,2012.9522831050228,3110,2016.8184931506848,10000
389,2.0,2012.9522831050228,3010,2016.8184931506848,10000
390,3.5,2014.6216894977167,1575,2016.8020547945205,6200
391,5.0,2013.907305936073,2629,2018.1968036529681,11000
392,5.0,2013.907305936073,2629,2016.8020547945205,6600
393,2.3,2015.7433789954339,3156,2017.0082191780823,16000
394,2.5,2015.7433789954339,3313,2017.0082191780823,16000
395,1.25,2016.174885844749,12000,2017.0082191780823,16000
396,5.75,2013.9413242009134,699,2017.1244292237443,5600
397,1.5,2012.8321917808219,3955,2016.804794520548,9000
398,3.5,2015.2378995433792,1200,2016.8157534246575,6700
399,5.25,2013.907305936073,685,2017.1803652968038,4600
400,2.5,2015.1803652968038,1775,2016.8020547945205,7000
401,2.0,2013.9851598173516,5200,2016.8020547945205,13000
402,1.95,2013.8267123287671,7950,2016.8020547945205,13000
403,2.0,2013.9851598173516,5200,2016.8020547945205,13000
404,1.95,2013.8267123287671,7950,2016.8020547945205,13000
405,3.0,2011.9988584474886,1714,2016.8020547945205,6100
406,1.3,2016.9906392694065,6500,2017.4961187214612,17000
407,2.5,2016.0915525114156,6710,2016.804794520548,15000
408,3.5,2014.6216894977167,1463,2016.8020547945205,6500
409,3.5,2015.2378995433792,1200,2015.9550228310502,5500
410,5.25,2013.907305936073,1000,2014.5575342465754,5000
411,1.3,2016.9906392694065,6500,2017.4961187214612,17000
412,2.3,2015.7433789954339,3156,2016.6995433789955,12800
413,2.5,2015.7433789954339,3313,2016.6995433789955,12800
414,1.25,2016.174885844749,12000,2016.6995433789955,12800
415,5.25,2013.907305936073,685,2015.6803652968038,3700
416,4.25,2012.8470319634703,360,2017.5684931506848,5200
417,5.75,2013.9413242009134,699,2017.0575342465754,5700
418,5.0,2013.907305936073,2629,2018.0833333333333,11000
419,2.0,2013.9851598173516,5200,2017.4933789954339,16500
420,2.0,2013.9851598173516,5200,2017.629908675799,18000
421,2.0,2013.9851598173516,5200,2017.5246575342467,18000
422,2.0,2013.9851598173516,5200,2017.6666666666667,18000
423,1.95,2013.8267123287671,7950,2017.4933789954339,16500
424,1.95,2013.8267123287671,7950,2017.5246575342467,18000
425,1.95,2013.8267123287671,7950,2017.629908675799,18000
426,1.95,2013.8267123287671,7950,2017.6666666666667,18000
427,5.25,2013.907305936073,1000,2018.1995433789955,8300
428,5.25,2013.907305936073,1000,2018.2077625570778,8500
429,5.25,2013.907305936073,685,2017.5054794520547,6500
430,5.25,2013.907305936073,685,2017.5997716894976,6500
431,5.25,2013.907305936073,685,2017.5054794520547,6500
432,5.25,2013.907305936073,685,2017.5997716894976,6500
433,2.5,2015.5602739726028,2000,2017.629908675799,12000
434,4.25,2012.8470319634703,360,2017.9632420091325,7750
435,1.3,2016.9906392694065,6500,2018.271917808219,16200
436,2.0,2012.9522831050228,3110,2017.027397260274,10000
437,2.0,2012.9522831050228,3110,2016.8716894977167,10000
438,2.0,2012.9522831050228,3110,2016.9659817351599,10000
439,2.0,2012.9522831050228,3110,2017.1216894977167,10000
440,2.0,2012.9522831050228,3010,2017.027397260274,10000
441,2.0,2012.9522831050228,3010,2016.8716894977167,10000
442,2.0,2012.9522831050228,3010,2016.9659817351599,10000
443,2.0,2012.9522831050228,3010,2017.1216894977167,10000
444,3.5,2014.6216894977167,1575,2016.8963470319634,6200
445,3.5,2014.6216894977167,1575,2017.4155251141551,8500
446,5.0,2013.907305936073,2629,2016.8716894977167,6600
447,5.0,2013.907305936073,2629,2016.9933789954339,8000
448,5.0,2013.907305936073,2629,2017.088812785388,8000
449,5.0,2013.907305936073,2629,2017.2077625570778,8000
450,2.3,2015.7433789954339,3156,2017.0915525114156,16000
451,2.3,2015.7433789954339,3156,2017.1189497716894,20000
452,2.3,2015.7433789954339,3156,2017.2050228310502,20000
453,2.3,2015.7433789954339,3156,2017.352511415525,20000
454,2.5,2015.7433789954339,3313,2017.0915525114156,16000
455,2.5,2015.7433789954339,3313,2017.1189497716894,20000
456,2.5,2015.7433789954339,3313,2017.2050228310502,20000
457,2.5,2015.7433789954339,3313,2017.352511415525,20000
458,1.25,2016.174885844749,12000,2017.0915525114156,16000
459,1.25,2016.174885844749,12000,2017.1189497716894,20000
460,1.25,2016.174885844749,12000,2017.2050228310502,20000
461,1.25,2016.174885844749,12000,2017.352511415525,20000
462,5.75,2013.9413242009134,699,2017.2022831050228,5600
463,5.75,2013.9413242009134,699,2017.277397260274,6000
464,5.75,2013.9413242009134,699,2017.3212328767124,6400
465,5.75,2013.9413242009134,699,2017.401826484018,6400
466,5.75,2013.9413242009134,699,2017.4769406392695,6400
467,5.75,2013.9413242009134,699,2017.5493150684931,6500
468,1.5,2012.8321917808219,3955,2016.879908675799,8200
469,1.5,2012.8321917808219,3955,2016.9851598173516,9000
470,1.5,2012.8321917808219,3955,2017.2187214611872,10000
471,1.5,2012.8321917808219,3955,2017.0328767123287,9000
472,1.5,2012.8321917808219,3955,2016.907305936073,9000
473,1.5,2012.8321917808219,3955,2017.0915525114156,9500
474,1.5,2012.8321917808219,3955,2017.1545662100457,9000
475,1.5,2012.8321917808219,3955,2017.3130136986301,11500
476,1.5,2012.8321917808219,3955,2017.3771689497717,11500
477,1.5,2012.8321917808219,3955,2017.5246575342467,11000
478,3.5,2015.2378995433792,1200,2016.85799086758,6700
479,3.5,2015.2378995433792,1200,2016.9605022831051,6700
480,3.5,2015.2378995433792,1200,2017.0301369863014,6700
481,3.5,2015.2378995433792,1200,2017.1216894977167,6700
482,3.5,2015.2378995433792,1200,2017.25,6700
483,3.5,2015.2378995433792,1200,2017.2187214611872,6700
484,3.5,2015.2378995433792,1200,2017.5712328767124,6700
485,5.25,2013.907305936073,685,2017.2664383561644,5900
486,5.25,2013.907305936073,685,2017.602511415525,6650
487,5.25,2013.907305936073,685,2017.393607305936,5800
488,5.25,2013.907305936073,685,2017.5082191780823,6650
489,2.5,2015.1803652968038,1775,2016.8607305936073,7600
490,2.5,2015.1803652968038,1775,2016.9385844748858,7000
491,2.5,2015.1803652968038,1775,2017.013698630137,7000
492,2.5,2015.1803652968038,1775,2017.2488584474886,7600
493,2.5,2015.1803652968038,1775,2017.088812785388,8150
494,2.5,2015.1803652968038,1775,2017.1721461187215,8150
495,2.0,2013.9851598173516,5200,2016.8415525114156,14000
496,2.0,2013.9851598173516,5200,2016.919406392694,14000
497,2.0,2013.9851598173516,5200,2017.0915525114156,14000
498,2.0,2013.9851598173516,5200,2017.1721461187215,14000
499,2.0,2013.9851598173516,5200,2017.2488584474886,15000
500,2.0,2013.9851598173516,5200,2017.3212328767124,16700
501,2.0,2013.9851598173516,5200,2017.3963470319634,17000
502,2.0,2013.9851598173516,5200,2017.4714611872148,17000
503,2.0,2013.9851598173516,5200,2016.8415525114156,14000
504,2.0,2013.9851598173516,5200,2016.919406392694,14000
505,2.0,2013.9851598173516,5200,2017.0915525114156,14000
506,2.0,2013.9851598173516,5200,2017.1721461187215,14000
507,2.0,2013.9851598173516,5200,2017.2488584474886,15000
508,2.0,2013.9851598173516,5200,2017.3212328767124,16700
509,2.0,2013.9851598173516,5200,2017.3963470319634,17000
510,2.0,2013.9851598173516,5200,2017.4714611872148,17000
511,2.0,2013.9851598173516,5200,2016.8415525114156,14000
512,2.0,2013.9851598173516,5200,2016.919406392694,14000
513,2.0,2013.9851598173516,5200,2017.0915525114156,14000
514,2.0,2013.9851598173516,5200,2017.1721461187215,14000
515,2.0,2013.9851598173516,5200,2017.2488584474886,15000
516,2.0,2013.9851598173516,5200,2017.3212328767124,16700
517,2.0,2013.9851598173516,5200,2017.3963470319634,17000
518,2.0,2013.9851598173516,5200,2017.4714611872148,17000
519,1.95,2013.8267123287671,7950,2016.8415525114156,14000
520,1.95,2013.8267123287671,7950,2016.919406392694,14000
521,1.95,2013.8267123287671,7950,2017.0915525114156,14000
522,1.95,2013.8267123287671,7950,2017.1721461187215,14000
523,1.95,2013.8267123287671,7950,2017.2488584474886,15000
524,1.95,2013.8267123287671,7950,2017.3212328767124,16700
525,1.95,2013.8267123287671,7950,2017.3963470319634,17000
526,1.95,2013.8267123287671,7950,2017.4714611872148,17000
527,3.0,2011.9988584474886,1714,2016.8157534246575,7300
528,3.0,2011.9988584474886,1714,2016.9851598173516,7300
529,3.0,2011.9988584474886,1714,2016.8881278538813,7300
530,3.0,2011.9988584474886,1714,2017.1721461187215,7800
531,3.0,2011.9988584474886,1714,2017.088812785388,7800
532,1.3,2016.9906392694065,6500,2017.8294520547945,16600
533,1.3,2016.9906392694065,6500,2018.3239726027398,16000
534,1.3,2016.9906392694065,6500,2018.0575342465754,16600
535,2.5,2016.0915525114156,6710,2016.8607305936073,15000
536,2.5,2016.0915525114156,6710,2016.9550228310502,15000
537,2.5,2016.0915525114156,6710,2017.013698630137,16500
538,2.5,2016.0915525114156,6710,2017.5109589041097,17300
539,2.5,2016.0915525114156,6710,2017.116210045662,15000
540,2.5,2016.0915525114156,6710,2017.1545662100457,16000
541,3.5,2014.6216894977167,1463,2016.8771689497717,6500
542,3.5,2014.6216894977167,1463,2016.9495433789955,6500
543,3.5,2014.6216894977167,1463,2017.4468036529681,8900
544,3.5,2014.6216894977167,1463,2017.0246575342467,6500
545,3.5,2014.6216894977167,1463,2017.674885844749,9750
546,3.5,2014.6216894977167,1463,2017.25,8000
547,1.5,2015.8634703196346,4425,2016.7351598173516,6100
548,1.5,2015.8634703196346,4425,2016.8020547945205,6100
549,1.5,2015.8634703196346,4425,2016.8881278538813,7300
550,1.5,2015.8634703196346,4425,2016.9742009132422,7300
551,1.5,2015.8634703196346,4425,2017.041095890411,7300
552,1.5,2015.8634703196346,4425,2017.1353881278537,7500
553,1.5,2015.8634703196346,4425,2017.2433789954339,7800
554,2.5,2016.0915525114156,6710,2016.7965753424658,15000
555,2.5,2016.0915525114156,6710,2016.8716894977167,15000
556,2.5,2016.0915525114156,6710,2016.9659817351599,15000
557,2.5,2016.0915525114156,6710,2017.0602739726028,15000
558,2.5,2016.0915525114156,6710,2017.1353881278537,15000
559,2.5,2016.0915525114156,6710,2017.2187214611872,15000
560,2.5,2016.0915525114156,6710,2017.3212328767124,15000
561,2.5,2016.0915525114156,6710,2017.4742009132422,15000
562,2.5,2016.0915525114156,6710,2017.5465753424658,17000
563,3.5,2015.2378995433792,1200,2016.0520547945205,5500
564,3.5,2015.2378995433792,1200,2016.1408675799087,5700
565,3.5,2015.2378995433792,1200,2016.2324200913242,5700
566,3.5,2015.2378995433792,1200,2016.3157534246575,5700
567,3.5,2015.2378995433792,1200,2016.3963470319634,5700
568,3.5,2015.2378995433792,1200,2016.4331050228311,5700
569,3.5,2015.2378995433792,1200,2016.527397260274,5800
570,3.5,2015.2378995433792,1200,2016.6600456621004,6000
571,3.5,2015.2378995433792,1200,2016.7406392694065,5900
572,3.5,2015.2378995433792,1200,2016.771917808219,6700
573,3.5,2015.2378995433792,1200,2016.8415525114156,6700
574,3.5,2015.2378995433792,1200,2016.9742009132422,6700
575,3.5,2015.2378995433792,1200,2017.0970319634703,6700
576,3.5,2015.2378995433792,1200,2017.1666666666667,6700
577,3.5,2015.2378995433792,1200,2017.6271689497717,6700
578,2.5,2015.1803652968038,1775,2015.8294520547945,5200
579,2.5,2015.1803652968038,1775,2015.866210045662,5200
580,2.5,2015.1803652968038,1775,2015.9577625570778,5400
581,2.5,2015.1803652968038,1775,2016.0575342465754,5400
582,2.5,2015.1803652968038,1775,2016.1326484018264,5500
583,2.5,2015.1803652968038,1775,2016.2324200913242,5600
584,2.5,2015.1803652968038,1775,2016.277397260274,5800
585,2.5,2015.1803652968038,1775,2016.3771689497717,5800
586,2.5,2015.1803652968038,1775,2016.5465753424658,5800
587,2.5,2015.1803652968038,1775,2016.6968036529681,6100
588,2.5,2015.1803652968038,1775,2016.6408675799087,5800
589,2.5,2015.1803652968038,1775,2016.907305936073,7800
590,2.5,2015.1803652968038,1775,2016.4468036529681,5800
591,2.5,2015.1803652968038,1775,2016.9742009132422,7800
592,2.5,2015.1803652968038,1775,2017.0438356164384,7800
593,2.5,2015.1803652968038,1775,2017.1244292237443,7800
594,2.5,2015.1803652968038,1775,2017.4155251141551,9000
595,2.5,2015.1803652968038,1775,2016.7965753424658,7800
596,2.5,2015.1803652968038,1775,2017.4851598173516,9000
597,2.5,2015.1803652968038,1775,2017.5630136986301,9000
598,2.5,2015.1803652968038,1775,2017.5997716894976,9000
599,2.5,2015.1803652968038,1775,2017.2378995433792,7800
600,1.3,2016.9906392694065,6500,2017.535616438356,17000
601,1.3,2016.9906392694065,6500,2017.8294520547945,16500
602,1.3,2016.9906392694065,6500,2018.054794520548,16000
603,1.3,2016.9906392694065,6500,2018.271917808219,16000
604,2.3,2015.7433789954339,3156,2016.7801369863014,15000
605,2.3,2015.7433789954339,3156,2016.8908675799087,16000
606,2.3,2015.7433789954339,3156,2016.9687214611872,16000
607,2.3,2015.7433789954339,3156,2017.041095890411,16000
608,2.3,2015.7433789954339,3156,2017.1189497716894,20000
609,2.3,2015.7433789954339,3156,2017.2214611872148,20000
610,2.3,2015.7433789954339,3156,2017.285616438356,20000
611,2.5,2015.7433789954339,3313,2016.7801369863014,15000
612,2.5,2015.7433789954339,3313,2016.8908675799087,16000
613,2.5,2015.7433789954339,3313,2016.9687214611872,16000
614,2.5,2015.7433789954339,3313,2017.041095890411,16000
615,2.5,2015.7433789954339,3313,2017.1189497716894,20000
616,2.5,2015.7433789954339,3313,2017.2214611872148,20000
617,2.5,2015.7433789954339,3313,2017.285616438356,20000
618,1.25,2016.174885844749,12000,2016.7801369863014,15000
619,1.25,2016.174885844749,12000,2016.8908675799087,16000
620,1.25,2016.174885844749,12000,2016.9687214611872,16000
621,1.25,2016.174885844749,12000,2017.041095890411,16000
622,1.25,2016.174885844749,12000,2017.1189497716894,20000
623,1.25,2016.174885844749,12000,2017.2214611872148,20000
624,1.25,2016.174885844749,12000,2017.285616438356,20000
625,5.25,2013.907305936073,1000,2014.6107305936073,5000
626,5.25,2013.907305936073,1000,2014.6968036529681,5000
627,5.25,2013.907305936073,1000,2014.771917808219,5000
628,5.25,2013.907305936073,1000,2014.9166666666667,5000
629,5.25,2013.907305936073,1000,2016.6134703196346,4700
630,5.25,2013.907305936073,1000,2016.7433789954339,4700
631,5.25,2013.907305936073,1000,2016.8184931506848,4700
632,5.25,2013.907305936073,1000,2016.9166666666667,5000
633,5.25,2013.907305936073,1000,2018.1107305936073,8500
634,5.25,2013.907305936073,1000,2018.2214611872148,8500
635,5.25,2013.907305936073,1000,2015.174885844749,3900
636,5.25,2013.907305936073,1000,2015.271917808219,5000
637,5.25,2013.907305936073,1000,2016.1666666666667,5000
638,5.25,2013.907305936073,1000,2016.3157534246575,4400
639,5.25,2013.907305936073,1000,2016.4127853881278,4400
640,5.25,2013.907305936073,1000,2016.5493150684931,4700
641,5.25,2013.907305936073,1000,2017.2269406392695,5000
642,5.75,2013.9413242009134,699,2017.1381278538813,5700
643,5.75,2013.9413242009134,699,2017.2269406392695,6100
644,5.75,2013.9413242009134,699,2017.304794520548,6100
645,5.25,2013.907305936073,685,2015.8267123287671,3700
646,5.25,2013.907305936073,685,2015.85799086758,3700
647,5.25,2013.907305936073,685,2016.7159817351599,4100
648,5.25,2013.907305936073,685,2016.7746575342467,4100
649,5.25,2013.907305936073,685,2016.8963470319634,4350
650,5.25,2013.907305936073,685,2016.9468036529681,4350
651,5.25,2013.907305936073,685,2017.3020547945205,5800
652,5.25,2013.907305936073,685,2017.4045662100457,5800
653,5.25,2013.907305936073,685,2017.1244292237443,4350
654,5.25,2013.907305936073,685,2017.0465753424658,4350
655,5.25,2013.907305936073,685,2017.1995433789955,5800
656,5.25,2013.907305936073,685,2015.9632420091325,3700
657,5.25,2013.907305936073,685,2016.0465753424658,3800
658,5.25,2013.907305936073,685,2016.1216894977167,3800
659,5.25,2013.907305936073,685,2016.2324200913242,3800
660,5.25,2013.907305936073,685,2016.3157534246575,3900
661,5.25,2013.907305936073,685,2016.3826484018264,3900
662,5.25,2013.907305936073,685,2016.4687214611872,3900
663,5.25,2013.907305936073,685,2016.5739726027398,4100
664,5.25,2013.907305936073,685,2016.651826484018,4100
665,2.0,2013.8321917808219,2300,2017.5630136986301,5700
666,2.0,2013.8470319634703,474,2017.285616438356,4700
667,2.0,2012.4878995433792,300,2017.8415525114156,3500
668,1.75,2015.352511415525,1303,2017.4303652968038,5500
669,6.7,2014.5630136986301,2871,2017.5630136986301,13500
670,2.5,2012.7406392694065,233,2017.4303652968038,4000
671,2.25,2015.6831050228311,1200,2018.1408675799087,9200
672,2.3,2014.8075342465754,1376,2017.304794520548,6600
673,1.65,2013.2242009132422,1200,2016.7993150684931,6000
674,2.3,2012.527397260274,2583,2014.3184931506848,4800
675,1.6,2015.7242009132422,1636,2018.0794520547945,8000
676,1.75,2016.0712328767124,930,2018.263698630137,7000
677,1.75,2016.6831050228311,1020,2017.7132420091325,6500
678,1.5,2015.4796803652969,1125,2016.7993150684931,5500
679,2.5,2013.4155251141551,544,2014.9045662100457,3800
680,1.95,2016.0915525114156,2943,2016.9687214611872,9800
681,2.5,2012.8184931506848,2858,2015.4961187214612,4800
682,2.5,2015.094292237443,600,2018.143607305936,4600
683,2.5,2012.9714611872148,338,2016.804794520548,3300
684,3.15,2012.1463470319634,767,2016.8267123287671,6000
685,3.0,2013.5054794520547,720,2017.5712328767124,7000
686,2.5,2014.2378995433792,600,2014.7351598173516,5000
687,1.95,2014.6189497716894,3518,2016.9933789954339,8500
688,1.75,2016.5712328767124,1350,2017.5657534246575,6600
689,1.1,2014.8634703196346,600,2018.3157534246575,16000
690,1.6,2012.6995433789955,593,2014.277397260274,3600
691,1.6,2012.6995433789955,593,2017.7828767123287,5000
692,1.6,2012.6995433789955,593,2015.1271689497717,3760
693,1.75,2016.5712328767124,1350,2018.0109589041097,6800
694,1.75,2016.5712328767124,1350,2018.2993150684931,7000
695,1.205,2015.7993150684931,1194,2017.1189497716894,4000
696,1.205,2015.7993150684931,1194,2018.0054794520547,4500
697,1.205,2015.7993150684931,1194,2017.8184931506848,4200
698,1.205,2015.7993150684931,1194,2018.271917808219,5000
699,1.75,2016.3990867579907,1320,2017.2050228310502,7500
700,1.75,2016.3990867579907,1320,2017.771917808219,10500
701,1.75,2016.3990867579907,1320,2017.5630136986301,7600
702,1.75,2016.3990867579907,1320,2018.1666666666667,25000
703,1.75,2016.3990867579907,1320,2018.2433789954339,30000
704,1.65,2013.0191780821917,1239,2013.9100456621004,9850
705,1.65,2013.0191780821917,1239,2014.25,10500
706,1.65,2013.0191780821917,1239,2014.4961187214612,11000
707,1.65,2013.0191780821917,1239,2016.4796803652969,13000
708,1.65,2013.0191780821917,1239,2016.6326484018264,10000
709,1.65,2013.0191780821917,1239,2017.2746575342467,13000
710,1.65,2013.0191780821917,1239,2018.1831050228311,13400
711,2.5,2014.2378995433792,600,2015.3415525114156,5100
712,2.5,2014.2378995433792,600,2015.8853881278537,5300
713,2.5,2014.2378995433792,600,2016.8689497716894,5300
714,2.5,2014.2378995433792,600,2016.7022831050228,5000
715,2.5,2014.2378995433792,600,2017.027397260274,5000
716,2.5,2014.2378995433792,600,2017.10799086758,5300
717,2.5,2014.2378995433792,600,2017.5739726027398,7000
718,2.5,2014.2378995433792,600,2017.6940639269408,7500
719,2.5,2014.2378995433792,600,2017.8130136986301,6500
720,2.5,2014.2378995433792,600,2018.2406392694065,9000
721,2.5,2014.2378995433792,600,2018.0997716894976,7000
722,3.0,2013.5054794520547,720,2017.7132420091325,7800
723,3.0,2013.5054794520547,720,2017.8470319634703,8400
724,3.0,2013.5054794520547,720,2017.777397260274,7350
725,3.0,2013.5054794520547,720,2018.2433789954339,18000
726,3.0,2013.5054794520547,720,2018.2582191780823,20000
727,2.5,2016.174885844749,1125,2018.174885844749,11000
728,2.5,2016.174885844749,1125,2016.9714611872148,10000
729,2.5,2016.174885844749,1125,2017.1803652968038,12000
730,2.5,2016.174885844749,1125,2017.3333333333333,12500
731,2.5,2016.174885844749,1125,2017.6600456621004,14000
732,2.5,2016.174885844749,1125,2018.169406392694,11000
733,2.5,2016.174885844749,1125,2017.8333333333333,16000
734,2.5,2016.174885844749,1125,2017.9045662100457,10500
735,2.5,2016.174885844749,1125,2018.1831050228311,11500
736,3.15,2012.1463470319634,767,2016.9878995433792,5800
737,3.15,2012.1463470319634,767,2017.1995433789955,6800
738,3.15,2012.1463470319634,767,2017.7351598173516,7000
739,1.75,2016.7433789954339,1159,2017.85799086758,10100
740,1.75,2016.7433789954339,1159,2017.9577625570778,10000
741,2.5,2012.9714611872148,338,2017.1995433789955,3500
742,2.5,2012.9714611872148,338,2017.4276255707764,4100
743,1.95,2016.0915525114156,2943,2017.1408675799087,10300
744,1.5,2015.4796803652969,1125,2017.1721461187215,4800
745,2.3,2014.8075342465754,1376,2017.535616438356,7000
746,2.3,2014.8075342465754,1376,2016.8020547945205,6000
747,2.5,2012.7406392694065,233,2017.643607305936,4200
748,2.5,2012.7406392694065,233,2017.8689497716894,4900
749,2.0,2012.4878995433792,300,2017.924885844749,3550
750,2.0,2012.4878995433792,300,2018.0493150684931,3500
751,2.0,2012.4878995433792,300,2018.102511415525,3550
752,2.0,2013.8470319634703,474,2017.7461187214612,4050
753,2.0,2013.8470319634703,474,2017.7746575342467,4600
754,2.0,2013.8470319634703,474,2017.791095890411,4500
755,2.7,2014.3102739726028,5650,2016.674885844749,9200
756,4.8,2013.643607305936,1820,2016.6134703196346,9000
757,2.5,2011.9495433789955,4362,2017.4687214611872,19000
758,2.5,2011.9495433789955,4362,2017.4687214611872,19000
759,4.75,2014.6463470319634,866,2016.669406392694,13000
760,4.78,2014.6463470319634,878,2016.669406392694,13000
761,1.5,2015.7132420091325,1600,2018.3130136986301,15000
762,1.05,2013.6721461187215,1268,2017.657305936073,9800
763,1.05,2013.9659817351599,1364,2017.657305936073,9800
764,4.0,2012.5821917808219,2721,2017.3333333333333,9700
765,1.75,2013.1995433789955,1470,2017.3333333333333,5000
766,3.28,2013.5246575342467,6000,2017.3333333333333,12000
767,2.7,2013.5821917808219,7923,2017.3333333333333,20000
768,4.8,2013.643607305936,1820,2017.3333333333333,12000
769,1.45,2016.0465753424658,954,2018.3415525114156,26800
770,1.7,2016.2488584474886,4273,2018.2378995433792,10500
771,2.6,2015.924885844749,5200,2017.2022831050228,11000
772,2.5,2011.9495433789955,4362,2017.3333333333333,18700
773,2.0,2012.8853881278537,2800,2017.3333333333333,7200
774,3.6,2014.4440639269408,4159,2017.3333333333333,11800
775,2.0,2014.6189497716894,2359,2017.3333333333333,12500
776,1.25,2015.1134703196346,520,2017.3333333333333,7200
777,1.7,2012.8744292237443,563,2018.3333333333333,8200
778,2.9,2013.4659817351599,4500,2018.3333333333333,8000
779,2.9,2013.4659817351599,4500,2017.3333333333333,9500
780,4.0,2015.4413242009134,6650,2017.3333333333333,7500
781,4.2,2014.4100456621004,6850,2017.3333333333333,9000
782,1.95,2013.9687214611872,5900,2017.3333333333333,9000
783,1.95,2013.9687214611872,5900,2017.3333333333333,9000
784,4.2,2014.4100456621004,6850,2017.3333333333333,9000
785,1.95,2013.9687214611872,5900,2017.3333333333333,5800
786,1.95,2013.9687214611872,5900,2017.3333333333333,5800
787,1.95,2014.0520547945205,569,2017.3333333333333,7400
788,1.3,2012.5821917808219,1680,2017.3333333333333,27500
789,1.1,2017.0109589041097,450,2018.3470319634703,14440
790,7.6,2015.2461187214612,7770,2017.3333333333333,15000
791,1.25,2013.4276255707764,820,2018.3130136986301,6300
792,1.4,2012.9331050228311,633,2018.2242009132422,10000
793,3.28,2013.5246575342467,6000,2016.4045662100457,7800
794,2.5,2011.9495433789955,4362,2013.4878995433792,14600
795,3.67,2014.4440639269408,4159,2016.7022831050228,9200
796,2.0,2012.4878995433792,450,2015.6107305936073,3400
797,1.25,2013.4276255707764,820,2015.5712328767124,4980
798,1.3,2011.9687214611872,703,2015.5712328767124,4980
799,1.4,2012.9331050228311,633,2015.5712328767124,4980
800,1.25,2015.1134703196346,520,2015.8470319634703,4500
801,1.25,2013.4276255707764,820,2015.5712328767124,4980
802,1.3,2011.9687214611872,703,2015.5712328767124,4980
803,1.4,2012.9331050228311,633,2015.5712328767124,4980
804,1.25,2015.1134703196346,520,2015.8470319634703,4500
805,1.25,2015.1134703196346,520,2015.844292237443,3000
806,1.9,2016.4155251141551,3831,2018.291095890411,15500
807,3.0,2015.1107305936073,2650,2017.8552511415523,31000
808,7.6,2015.2461187214612,7770,2017.1463470319634,14000
809,2.0,2015.7132420091325,1600,2018.143607305936,14300
810,1.25,2013.4276255707764,820,2017.3184931506848,5000
811,1.3,2011.9687214611872,703,2018.2242009132422,10000
812,1.3,2011.9687214611872,703,2017.3184931506848,9000
813,3.28,2013.5246575342467,6000,2016.0082191780823,8000
814,3.28,2013.5246575342467,6000,2016.7378995433792,9600
815,3.28,2013.5246575342467,6000,2016.5833333333333,8500
816,3.28,2013.5246575342467,6000,2017.0,10200
817,3.28,2013.5246575342467,6000,2017.2378995433792,11800
818,3.28,2013.5246575342467,6000,2017.4878995433792,11000
819,2.5,2011.9495433789955,4362,2014.1189497716894,15000
820,2.5,2011.9495433789955,4362,2014.1463470319634,15000
821,2.5,2011.9495433789955,4362,2014.8239726027398,17300
822,2.5,2011.9495433789955,4362,2015.6189497716894,17000
823,2.5,2011.9495433789955,4362,2015.7296803652969,17500
824,2.5,2011.9495433789955,4362,2016.6052511415523,17000
825,2.5,2011.9495433789955,4362,2016.2269406392695,16500
826,2.5,2011.9495433789955,4362,2016.9687214611872,19000
827,2.5,2011.9495433789955,4362,2016.7691780821917,18000
828,3.67,2014.4440639269408,4159,2015.7214611872148,8500
829,3.67,2014.4440639269408,4159,2015.7214611872148,8000
830,3.67,2014.4440639269408,4159,2015.879908675799,8400
831,3.67,2014.4440639269408,4159,2015.8826484018264,8300
832,3.67,2014.4440639269408,4159,2016.1463470319634,8000
833,3.67,2014.4440639269408,4159,2016.3267123287671,8500
834,3.67,2014.4440639269408,4159,2016.5833333333333,8600
835,3.67,2014.4440639269408,4159,2016.6463470319634,8800
836,3.67,2014.4440639269408,4159,2016.6803652968038,8700
837,3.67,2014.4440639269408,4159,2017.263698630137,9500
838,3.67,2014.4440639269408,4159,2016.7159817351599,8800
839,3.67,2014.4440639269408,4159,2016.7691780821917,10000
840,3.67,2014.4440639269408,4159,2016.8853881278537,9500
841,3.67,2014.4440639269408,4159,2016.9687214611872,10000
842,3.67,2014.4440639269408,4159,2017.3826484018264,11000
843,3.67,2014.4440639269408,4159,2017.1885844748858,11800
844,3.67,2014.4440639269408,4159,2017.3212328767124,11500
845,3.67,2014.4440639269408,4159,2017.4468036529681,12000
846,3.67,2014.4440639269408,4159,2017.4155251141551,11200
847,3.67,2014.4440639269408,4159,2017.4769406392695,11200
848,3.67,2014.4440639269408,4159,2017.5109589041097,11000
849,3.67,2014.4440639269408,4159,2017.7022831050228,12000
850,3.67,2014.4440639269408,4159,2017.6721461187215,11800
851,3.67,2014.4440639269408,4159,2017.5438356164384,11500
852,1.5,2016.4522831050228,675,2015.6326484018264,4200
853,1.25,2015.1134703196346,520,2015.5712328767124,4000
854,1.25,2015.1134703196346,520,2015.6107305936073,3600
855,1.25,2015.1134703196346,520,2015.5712328767124,4000
856,1.25,2015.1134703196346,520,2015.6107305936073,3600
857,1.25,2015.1134703196346,520,2013.9605022831051,4200
858,1.25,2015.1134703196346,520,2014.1913242009134,4000
859,1.25,2015.1134703196346,520,2014.3130136986301,4300
860,1.25,2015.1134703196346,520,2014.9988584474886,4800
861,1.25,2015.1134703196346,520,2015.0712328767124,4400
862,1.9,2016.4155251141551,3831,2017.1545662100457,14000
863,1.9,2016.4155251141551,3831,2018.3102739726028,15000
864,3.0,2015.1107305936073,2650,2017.5712328767124,31660
865,7.6,2015.2461187214612,7770,2015.9468036529681,12000
